
100000 8
0.006860267
100000 7
0.00791619
100000 6
0.008966111
100000 5
0.008939841
100000 4
0.008236534
100000 3
0.012740986
100000 2
0.012760863
100000 1
0.020568027

1000000 8
0.064640092
1000000 7
0.07340329
1000000 6
0.078210602
1000000 5
0.075233293
1000000 4
0.080383143
1000000 3
0.107344706
1000000 2
0.142306527
1000000 1
0.311178409

2000000 8
0.148903597
2000000 7
0.170113626
2000000 6
0.163319023
2000000 5
0.185115087
2000000 4
0.205899994
2000000 3
0.255182241
2000000 2
0.333888499
2000000 1
0.669103861

9000000 8
0.806774099
9000000 7
0.89282096
9000000 6
0.879503487
9000000 5
0.951628424
9000000 4
1.026187485
9000000 3
1.216601344
9000000 2
1.659275107
9000000 1
3.144717761

10000000 8
0.907022824
10000000 7
0.991484755
10000000 6
0.966485264
10000000 5
1.050660995
10000000 4
1.128670338
10000000 3
1.515752757
10000000 2
2.02527441
10000000 1
3.758027613

26000000 8
2.459617625
26000000 7
2.64705677
26000000 6
2.637479426
26000000 5
2.941289573
26000000 4
2.959244328
26000000 3
3.610501304
26000000 2
4.894575424
26000000 1
9.292739656

50000000 8
4.604010365
50000000 7
5.088701212
50000000 6
5.056080912
50000000 5
5.311807738
50000000 4
5.844048496
50000000 3
7.058601646
50000000 2
9.461005229
50000000 1
18.128068879

100000000 8
9.337442619
100000000 7
10.336644927
100000000 6
10.029147978
100000000 5
11.604970329
100000000 4
12.188421793
100000000 3
15.784574101
100000000 2
20.268873669
100000000 1
41.75975741
