
100000 8
0.007003541
100000 7
0.009069693
100000 6
0.009088078
100000 5
0.008691589
100000 4
0.008287997
100000 3
0.011563845
100000 2
0.012803587
100000 1
0.019577984

1000000 8
0.067754814
1000000 7
0.075792307
1000000 6
0.080349586
1000000 5
0.079018201
1000000 4
0.08749231
1000000 3
0.110744675
1000000 2
0.150203365
1000000 1
0.321261537

2000000 8
0.144911238
2000000 7
0.170471172
2000000 6
0.19645106
2000000 5
0.187196538
2000000 4
0.204082967
2000000 3
0.261431974
2000000 2
0.3458838
2000000 1
0.680093436

9000000 8
0.87212102
9000000 7
1.064618592
9000000 6
1.054827596
9000000 5
1.076484466
9000000 4
1.323314646
9000000 3
1.5576368170000001
9000000 2
2.004796683
9000000 1
3.8447511739999998

10000000 8
1.035115945
10000000 7
1.058462168
10000000 6
1.046329378
10000000 5
1.168275041
10000000 4
1.195666996
10000000 3
1.444270876
10000000 2
1.958932855
10000000 1
3.597765347

260000000 8
26.137393825
260000000 7
28.816086046
260000000 6
29.31874731
260000000 5
33.992335839
260000000 4
36.367963019
260000000 3
42.938637222
260000000 2
61.715498641
260000000 1
108.747715455
