
100000 8
0.007038786
100000 7
0.007127022
100000 6
0.007585418
100000 5
0.008432708
100000 4
0.008584834
100000 3
0.009972875
100000 2
0.012175152
100000 1
0.022815035

1000000 8
0.06893503
1000000 7
0.073089582
1000000 6
0.067651747
1000000 5
0.078583262
1000000 4
0.085104892
1000000 3
0.112216015
1000000 2
0.159333463
1000000 1
0.318011369

2000000 8
0.149966302
2000000 7
0.168333301
2000000 6
0.151785697
2000000 5
0.186463383
2000000 4
0.214842611
2000000 3
0.26361358
2000000 2
0.351711
2000000 1
0.677093724

9000000 8
0.815238942
9000000 7
0.864319235
9000000 6
0.877366783
9000000 5
1.015642339
9000000 4
1.088347535
9000000 3
1.229858798
9000000 2
1.689940236
9000000 1
3.172247799

10000000 8
0.926424474
10000000 7
0.985094629
10000000 6
0.988037062
10000000 5
1.122826948
10000000 4
1.412115682
10000000 3
1.8045065789999999
10000000 2
2.325023552
10000000 1
4.293846451

26000000 8
2.679595323
26000000 7
3.100056155
26000000 6
3.318090991
26000000 5
2.859851722
26000000 4
3.070875205
26000000 3
3.751347257
26000000 2
4.938423361
26000000 1
10.361752721

50000000 8
5.203452617
50000000 7
5.029551095
50000000 6
5.787394102
50000000 5
5.648439226
50000000 4
5.998459636
50000000 3
7.138519338
50000000 2
9.597967095
50000000 1
19.585427498

100000000 8
9.457195531
100000000 7
11.857896938
100000000 6
10.797648229
100000000 5
10.826146426
100000000 4
11.652085577
100000000 3
15.836052258
100000000 2
19.535147541
100000000 1
37.233595468
