
100000 8
0.008907218
100000 7
0.006691121
100000 6
0.007325239
100000 5
0.007814123
100000 4
0.008441648
100000 3
0.01013144
100000 2
0.012018616
100000 1
0.021139618

1000000 8
0.062893551
1000000 7
0.069675845
1000000 6
0.06464978
1000000 5
0.075418223
1000000 4
0.086385203
1000000 3
0.107415925
1000000 2
0.146535281
1000000 1
0.312815506

2000000 8
0.138422053
2000000 7
0.163162364
2000000 6
0.149159499
2000000 5
0.178535207
2000000 4
0.190600862
2000000 3
0.252324323
2000000 2
0.334114454
2000000 1
0.66656219

9000000 8
0.788453352
9000000 7
0.857214719
9000000 6
0.829898131
9000000 5
0.920054969
9000000 4
0.980601435
9000000 3
1.206130996
9000000 2
1.6600667599999999
9000000 1
3.143075512

10000000 8
0.867232131
10000000 7
0.962224955
10000000 6
0.92109988
10000000 5
1.027080773
10000000 4
1.093510695
10000000 3
1.361446219
10000000 2
1.888608564
10000000 1
3.5046610510000002

260000000 8
25.739789809
260000000 7
26.845167854
260000000 6
26.768923384
260000000 5
30.128053524
260000000 4
33.61382923
260000000 3
39.709811225
260000000 2
58.189384047
260000000 1
111.449988568
