
100000 8
quick_sort
0.009473001
100000 7
quick_sort
0.010583197
100000 6
quick_sort
0.011327702
100000 5
quick_sort
0.010778976
100000 4
quick_sort
0.01329726
100000 3
quick_sort
0.023053426
100000 2
quick_sort
0.035486154
100000 1
quick_sort
0.118666754

1000000 8
quick_sort
0.610696768
1000000 7
quick_sort
0.806854404
1000000 6
quick_sort
0.843355553
1000000 5
quick_sort
0.930715593
1000000 4
quick_sort
1.173903834
1000000 3
quick_sort
2.460936561
1000000 2
quick_sort
3.892077364
1000000 1
quick_sort
13.746991228

2000000 8
quick_sort
2.135008802
2000000 7
quick_sort
2.783531289
2000000 6
quick_sort
3.140793656
2000000 5
quick_sort
3.21608203
2000000 4
quick_sort
4.609660423
2000000 3
quick_sort
8.329242941
2000000 2
quick_sort
15.058055108
2000000 1
quick_sort
54.768507768

9000000 8
quick_sort
