
100000 8
0.006495028
100000 7
0.007561902
100000 6
0.006284039
100000 5
0.006556775
100000 4
0.006556814
100000 3
0.007104077
100000 2
0.00883855
100000 1
0.01168929

1000000 8
0.043205459
1000000 7
0.048168696
1000000 6
0.041034081
1000000 5
0.056078123
1000000 4
0.043453287
1000000 3
0.054750097
1000000 2
0.065785133
1000000 1
0.115816233

2000000 8
0.079939104
2000000 7
0.089567286
2000000 6
0.083384326
2000000 5
0.09614534
2000000 4
0.090308955
2000000 3
0.107098872
2000000 2
0.131160803
2000000 1
0.233495142

9000000 8
0.357281587
9000000 7
0.428571278
9000000 6
0.440678227
9000000 5
0.421675485
9000000 4
0.406797786
9000000 3
0.499849307
9000000 2
0.60884074
9000000 1
1.2097920229999999

10000000 8
0.390369593
10000000 7
0.459168783
10000000 6
0.473826177
10000000 5
0.470913098
10000000 4
0.454836648
10000000 3
0.566891693
10000000 2
0.710118848
10000000 1
1.302016896

26000000 8
1.149846273
26000000 7
1.195336915
26000000 6
1.156147876
26000000 5
1.285663285
26000000 4
1.288567757
26000000 3
1.537236467
26000000 2
1.943285864
26000000 1
3.395704071

50000000 8
2.109351887
50000000 7
2.321495987
50000000 6
2.254014223
50000000 5
2.435940377
50000000 4
2.432150976
50000000 3
2.994949473
50000000 2
3.7733979619999998
50000000 1
6.548595071

100000000 8
4.416146318
100000000 7
4.755229935
100000000 6
4.570396513
100000000 5
5.623320178
100000000 4
5.394366585
100000000 3
7.117207558
100000000 2
7.826928265
100000000 1
14.610923554
