
100000 8
quick_sort
0.006003021
100000 7
quick_sort
0.005693306
100000 6
quick_sort
0.005814696
100000 5
quick_sort
0.006017438
100000 4
quick_sort
0.006019362
100000 3
quick_sort
0.007012798
100000 2
quick_sort
0.008435232
100000 1
quick_sort
0.012727814

1000000 8
quick_sort
0.043396564
1000000 7
quick_sort
0.045002074
1000000 6
quick_sort
0.042868968
1000000 5
quick_sort
0.049816632
1000000 4
quick_sort
0.043663579
1000000 3
quick_sort
0.05546784
1000000 2
quick_sort
0.066576358
1000000 1
quick_sort
0.1128384

2000000 8
quick_sort
0.085495769
2000000 7
quick_sort
0.086211129
2000000 6
quick_sort
0.077447257
2000000 5
quick_sort
0.085213136
2000000 4
quick_sort
0.084629063
2000000 3
quick_sort
0.105111366
2000000 2
quick_sort
0.133324409
2000000 1
quick_sort
0.231839744

9000000 8
quick_sort
0.346757119
9000000 7
quick_sort
0.375994627
9000000 6
quick_sort
0.343732059
9000000 5
quick_sort
0.393935812
9000000 4
quick_sort
0.399623839
9000000 3
quick_sort
0.483364076
9000000 2
quick_sort
0.6188794
9000000 1
quick_sort
1.105583809

10000000 8
quick_sort
0.377931473
10000000 7
quick_sort
0.413238499
10000000 6
quick_sort
0.384334009
10000000 5
quick_sort
0.448588143
10000000 4
quick_sort
0.460835781
10000000 3
quick_sort
0.596964444
10000000 2
quick_sort
0.816537084
10000000 1
quick_sort
1.303338608

26000000 8
quick_sort
1.170574326
26000000 7
quick_sort
1.33296019
26000000 6
quick_sort
1.219170343
26000000 5
quick_sort
1.280962992
26000000 4
quick_sort
1.182456904
26000000 3
quick_sort
1.485454175
26000000 2
quick_sort
1.8300899309999998
26000000 1
quick_sort
3.3973238009999998

50000000 8
quick_sort
2.197466703
50000000 7
quick_sort
2.17855728
50000000 6
quick_sort
2.918268501
50000000 5
quick_sort
2.6667910790000002
50000000 4
quick_sort
2.454918765
50000000 3
quick_sort
2.93281461
50000000 2
quick_sort
3.625283929
50000000 1
quick_sort
6.6338945030000005

100000000 8
quick_sort
4.425043126
100000000 7
quick_sort
5.116171547
100000000 6
quick_sort
5.102865734
100000000 5
quick_sort
5.403005593
100000000 4
quick_sort
5.032523551
100000000 3
quick_sort
6.164956802
100000000 2
quick_sort
7.389462409
100000000 1
quick_sort
13.604430566
