
100000 8
quick_sort
0.007997824
100000 7
quick_sort
0.009464743
100000 6
quick_sort
0.011023485
100000 5
quick_sort
0.013086648
100000 4
quick_sort
0.011612316
100000 3
quick_sort
0.01668027
100000 2
quick_sort
0.031642448
100000 1
quick_sort
0.106374998

1000000 8
quick_sort
0.290032079
1000000 7
quick_sort
0.389129021
1000000 6
quick_sort
0.5171286
1000000 5
quick_sort
0.606637317
1000000 4
quick_sort
1.131499473
1000000 3
quick_sort
1.4995958489999999
1000000 2
quick_sort
2.928505795
1000000 1
quick_sort
10.17584776

2000000 8
quick_sort
1.283532632
2000000 7
quick_sort
1.5920107030000001
2000000 6
quick_sort
1.6588428130000001
2000000 5
quick_sort
2.121452563
2000000 4
quick_sort
3.076505427
2000000 3
quick_sort
4.969199394
2000000 2
quick_sort
10.189334128
2000000 1
quick_sort
39.716181646

9000000 8
quick_sort
24.674403069
9000000 7
quick_sort
28.855803794
9000000 6
quick_sort
33.465983988
9000000 5
quick_sort
42.786665642
9000000 4
quick_sort
64.737826523
9000000 3
quick_sort
100.816493707
9000000 2
quick_sort
9000000 1
quick_sort

10000000 8
quick_sort
30.142951862
10000000 7
quick_sort
37.283148653
10000000 6
quick_sort
39.490998358
10000000 5
quick_sort
52.369455094
10000000 4
quick_sort
75.158070428
10000000 3
quick_sort
123.29340357
10000000 2
quick_sort
10000000 1
quick_sort

26000000 8
quick_sort
202.193690141
26000000 7
quick_sort
265.142810793
26000000 6
quick_sort
